0.0000000000
0.4894348370
9.7903372560
0.0000000000
991.20016442
0.0000000000
0.0000000000
0.0000000000
0.0000000000
762.89857263
0.0000000000
245.93888061
416.35499969
495.21225528
0.0000000000
0.0000000000
0.0000000000
766.69905678
740.04046673
495.84111906
741.20396726
0.0000000000
321.92124479
548.58731192
491.77794060
0.0000000000
0.0000000000
184.32673838
0.0000000000
344.25513509
0.0000000000
0.0000000000
180.99893540
0.0000000000
575.18871958
0.0000000000
0.0000000000
59.380841533
141.12788978
802.82038956
0.0000000000
0.0000000000
393.13428564
741.33053884
627.42894803
0.0000000000
0.0000000000
119.58417790
405.46632654
358.92782534
0.0000000000
0.0000000000
128.53883509
515.33319993
323.28972485
385.06447671
0.0000000000
0.0000000000
635.83392119
919.92503120
0.0000000000
0.0000000000
0.0000000000
580.17479234
51.519885469
0.0000000000
0.0000000000
31.801026188
132.52297424
