15 165
-2 -3
7 -12
-8 7
-2 7
-16 22
5 -13
-5 -20
18 17
-3 24
-8 11
-16 14
3 -18
16 22
-23 11
-4 6
8 -22
6 -5
25 26
-25 -20
0 -10
-16 10
-2 22
-1 23
11 9
-10 -6
-9 12
25 -21
-7 -21
-6 -19
-17 26
-6 -10
-24 -22
-3 3
18 -11
24 14
-1 -23
-5 -26
-22 21
-10 -19
-8 20
24 -5
-1 -26
21 25
-21 -15
-26 3
26 22
-26 -21
23 -13
-8 15
1 17
-5 8
21 -2
-8 -1
-18 14
3 -9
-1 -7
-18 -17
-6 -24
16 23
-23 5
13 16
25 19
-1 20
-9 -26
-12 1
23 0
-6 -16
-16 -23
7 7
5 -3
9 6
-6 25
-24 -1
19 -9
-6 -13
4 26
13 -25
22 -24
25 3
-3 -21
18 20
-10 6
8 22
-8 -25
-25 -10
-17 -4
-14 19
19 16
-2 -24
15 12
18 15
-15 20
3 -23
11 12
6 -24
14 26
22 -10
13 26
-4 -25
4 -1
-7 -22
-13 13
3 6
18 -21
18 0
-25 -22
-19 8
6 -14
4 25
20 -13
-2 -25
14 5
-15 8
4 22
-23 15
14 -18
-1 5
11 13
-5 -2
-15 -23
16 -22
-12 -15
-14 4
-8 5
-1 -24
-14 7
24 15
-7 13
-20 25
26 20
10 -21
-22 9
8 -19
-19 25
2 10
-17 8
-9 25
2 15
9 4
11 14
3 -13
25 -23
-11 -8
21 11
-10 -7
13 10
9 12
10 -20
2 7
-5 -25
-12 22
18 13
20 22
-25 1
0 -3
-12 11
-25 10
-19 6
-12 -14
-17 15
12 17
-24 -24
-13 -26
-3 25
19 -16
-24 15
