6
18
19
58
1
1259
12
514
1561
569
402
266
499
100
2248
1510
1023
29
546
159
8
1971
1292
1529
37
332
304
7
213
1111
1763
7
1156
1191
20
49
1094
1849
9
7
523
170
7
114
2301
1141
2
1254
234
1397
1467
1584
322
24
28
167
1188
15
1259
410
296
7
4
71
158
286
428
828
357
16
528
37
1633
6
2143
1655
1360
801
633
855
1360
69
283
1589
402
19
71
104
499
280
537
6
616
3
2081
29
952
148
443
317
1487
34
124
116
813
1269
463
247
545
19
397
1387
1275
919
91
598
271
37
217
19
37
2212
1447
734
797
127
1657
331
1615
37
992
721
315
600
127
907
7
236
367
774
296
35
892
644
999
91
671
1121
325
563
1061
118
645
187
2147
2323
1602
526
1527
940
458
891
85
969
1153
58
614
1134
141
1490
499
1037
202
895
983
984
18
102
1134
1422
209
389
293
597
98
115
1127
216
6
1400
488
516
270
1388
68
582
49
89
19
1220
887
119
1086
510
243
870
